Field (Oe)	Resistance Ch1 (Ohms)	Resistance Std. Dev. Ch1 (Ohms)	Phase Angle Ch1 (deg)	AC Current Ch1 (mA)	2nd Harmonic Ch1 (dB)
10000.56640625	-0.04012432	-2.021207E-05	180.0412	1	-77.21645
9500.22265625	-0.04004186	-4.341913E-06	180.041	1	-78.02535
9000.138671875	-0.03996534	-3.980405E-06	180.0411	1	-79.21428
8500.48046875	-0.03983098	-4.015406E-06	180.0383	1	-89.57012
8000.5283203125	-0.03976224	-3.464718E-06	180.0395	1	-80.35796
7500.39599609375	-0.03969458	-3.967508E-05	180.0383	1	-82.60512
7000.55859375	-0.03946819	-7.572666E-05	180.0384	1	-87.58522
6500.24658203125	-0.03939664	-2.004284E-05	180.0423	1	-77.69395
6000.52294921875	-0.03922379	-6.057297E-05	180.0387	1	-90.97642
5500.42333984375	-0.0391318	-3.188926E-05	180.0406	1	-80.33044
5000.455078125	-0.03907292	-3.343501E-06	180.0391	1	-81.83244
4500.2412109375	-0.03897395	-4.161956E-06	180.0383	1	-89.95012
4000.1416015625	-0.03891733	-4.34396E-06	180.0392	1	-83.56449
3500.14038085938	-0.03882556	-3.394113E-06	180.0403	1	-85.77003
3000.18798828125	-0.0387728	-4.289779E-06	180.0385	1	-88.72321
2500.33325195313	-0.03872844	-8.051293E-05	180.0405	1	-86.48843
2000.2177734375	-0.03864802	-4.284098E-06	180.037	1	-96.1005
1500.49401855469	-0.03860536	-2.327146E-05	180.0402	1	-82.70789
1000.47625732422	-0.03855681	-4.217404E-06	180.0384	1	-84.20845
500.458557128906	-0.03849014	-8.386694E-05	180.0397	1	-88.82802
0.195931702852249	-0.03845413	-3.236681E-05	180.0393	1	-83.73759
-500.344268798828	-0.03838326	-3.29137E-06	180.037	1	-88.17389
-1000.31298828125	-0.03834198	-3.876979E-06	180.0387	1	-100.6715
-1500.4287109375	-0.03830034	-3.199935E-06	180.0392	1	-89.45184
-2000.23413085938	-0.03823979	-4.183904E-06	180.0398	1	-87.97391
-2500.46411132813	-0.03820517	-4.031059E-06	180.0388	1	-80.87924
-3000.40014648438	-0.03814644	-3.822332E-06	180.041	1	-82.64751
-3500.10766601563	-0.03811207	-3.978397E-06	180.04	1	-87.4656
-4000.3212890625	-0.03806118	-3.777952E-06	180.0387	1	-90.3175
-4500.3388671875	-0.03802892	-3.865284E-06	180.0424	1	-80.06992
-5000.11181640625	-0.0379715	-3.788581E-06	180.0383	1	-87.70529
-5500.35791015625	-0.03793652	-1.093682E-05	180.0398	1	-90.22721
-6000.40869140625	-0.03790652	-8.427038E-06	180.043	1	-84.23131
-6500.36083984375	-0.0378488	-3.691192E-06	180.0392	1	-88.56675
-7000.427734375	-0.0378202	-3.681089E-06	180.0391	1	-86.31097
-7500.265625	-0.03776619	-4.007257E-06	180.0415	1	-86.18661
-8000.49560546875	-0.03773839	-3.661998E-06	180.0425	1	-78.51411
-8500.3662109375	-0.03770484	-2.996526E-06	180.0396	1	-82.79366
-9000.4169921875	-0.03765409	-8.28056E-06	180.0387	1	-87.9919
-9500.630859375	-0.03762457	-4.173267E-06	180.0435	1	-79.75259
-10000.501953125	-0.0375944	-4.22943E-06	180.0393	1	-86.33773
-10000.533203125	-0.03756698	-2.824307E-05	180.0383	1	-84.7737
-9500.6142578125	-0.03753237	-4.706995E-06	180.0424	1	-77.76138
-9000.4169921875	-0.03750267	-3.784305E-06	180.041	1	-82.99696
-8500.5458984375	-0.03747011	-3.69117E-06	180.0406	1	-87.28745
-8000.51220703125	-0.03741644	-3.86819E-06	180.0384	1	-88.65508
-7500.51025390625	-0.03738871	-3.762941E-06	180.0415	1	-78.12436
-7000.26416015625	-0.03735743	-3.747952E-06	180.038	1	-82.89295
-6500.376953125	-0.03730929	-7.914127E-05	180.0384	1	-85.13896
-6000.63720703125	-0.03728252	-3.251266E-05	180.0418	1	-79.44728
-5500.30908203125	-0.03723578	-3.498189E-06	180.0393	1	-89.95769
-5000.40576171875	-0.03720933	-1.086119E-05	180.0436	1	-77.92937
-4500.37158203125	-0.03717877	-3.230355E-06	180.0385	1	-85.44273
-4000.46826171875	-0.03713972	-4.538952E-06	180.0402	1	-87.75812
-3500.31982421875	-0.03711553	-3.677386E-06	180.0381	1	-83.12565
-3000.1552734375	-0.03707477	-6.638549E-05	180.0395	1	-85.54188
-2500.51318359375	-0.03704983	-2.000421E-05	180.0424	1	-78.95612
-2000.31567382813	-0.03700814	-3.938731E-05	180.0389	1	-84.23312
-1500.44494628906	-0.03698637	-2.175656E-05	180.0385	1	-86.6203
-1000.29669189453	-0.03694696	-1.332546E-05	180.0383	1	-87.53625
-500.605499267578	-0.03692457	-4.172003E-06	180.0389	1	-81.53104
-0.2775699198246	-0.03688652	-3.916445E-06	180.0392	1	-83.98181
500.229949951172	-0.03686342	-9.140446E-05	180.0386	1	-87.12241
1000.42730712891	-0.03683927	-4.406856E-05	180.0386	1	-89.12813
1500.24914550781	-0.03680359	-6.123056E-05	180.037	1	-90.00886
2000.46276855469	-0.03678212	-2.887164E-06	180.0399	1	-85.47955
2500.52954101563	-0.03674556	-3.284092E-05	180.0385	1	-84.78992
3000.53076171875	-0.03672349	-1.325933E-05	180.042	1	-77.90039
3500.38500976563	-0.03668619	-3.362667E-06	180.0396	1	-86.84037
4000.20703125	-0.0366632	-3.087266E-06	180.0413	1	-82.93782
4500.25732421875	-0.03664151	-3.547541E-06	180.0435	1	-78.07266
5000.29150390625	-0.03660359	-5.020959E-05	180.0363	1	-85.37413
5500.4560546875	-0.03658252	-3.425623E-06	180.0414	1	-86.41324
6500.47509765625	-0.03652234	-3.54624E-06	180.0407	1	-84.03621
7000.32958984375	-0.03650266	-1.775766E-05	180.0398	1	-85.8215
7500.34716796875	-0.03646713	-3.856916E-06	180.0373	1	-87.56441
8000.26708984375	-0.03644731	-3.502691E-06	180.0395	1	-88.70266
8500.431640625	-0.03641525	-3.455383E-06	180.0397	1	-83.81337
9000.53125	-0.03639695	-2.824113E-05	180.0414	1	-79.06133
9500.4677734375	-0.03636683	-5.91874E-05	180.0385	1	-90.23697
10000.09375	-0.03635015	-3.345063E-06	180.0387	1	-88.46396
