Field (Oe)	Resistance Ch1 (Ohms)	Resistance Std. Dev. Ch1 (Ohms)	Phase Angle Ch1 (deg)	AC Current Ch1 (mA)	2nd Harmonic Ch1 (dB)
10000.158203125	-0.09696659	-7.813959E-05	180.0666	1	-85.33377
9500.2548828125	-0.09710746	-6.77005E-06	180.0649	1	-85.96144
9000.53125	-0.09710212	-6.731503E-06	180.0649	1	-89.58663
8500.251953125	-0.09711116	-1.052492E-05	180.065	1	-88.01175
8000.4794921875	-0.09708327	-1.043808E-05	180.065	1	-87.84759
7500.6083984375	-0.0970943	-1.143247E-05	180.0646	1	-88.96531
7000.55859375	-0.09709717	-8.750512E-06	180.0672	1	-83.52127
6500.4423828125	-0.09716961	-6.295479E-05	180.0647	1	-90.1017
6000.48974609375	-0.09721977	-6.974809E-06	180.0654	1	-88.52913
5500.42333984375	-0.09723816	-0.0001676587	180.0657	1	-88.70432
5000.34033203125	-0.09708349	-6.072624E-06	180.0646	1	-93.4407
4500.2734375	-0.09704328	-5.340817E-06	180.0647	1	-87.56654
4000.158203125	-0.09696036	-0.0001027288	180.0638	1	-90.31727
3500.36889648438	-0.09687906	-7.299205E-06	180.0662	1	-84.15599
3000.1064453125	-0.09680759	-6.657363E-06	180.064	1	-87.94712
2500.431640625	-0.09671731	-6.365504E-06	180.0645	1	-89.71391
2000.20141601563	-0.09675203	-1.206028E-05	180.065	1	-86.33626
1500.44494628906	-0.09666923	-7.216249E-06	180.0645	1	-90.54244
1000.45989990234	-0.09664439	-5.478989E-06	180.0664	1	-85.27769
500.376922607422	-0.09669712	-7.508726E-06	180.0641	1	-90.48161
-0.0489829257130623	-0.09665333	-6.851243E-06	180.065	1	-85.10211
-500.180999755859	-0.09668285	-7.915597E-06	180.065	1	-89.44357
-1000.60693359375	-0.09666941	-4.534455E-06	180.0637	1	-88.11176
-1500.37963867188	-0.09647914	-0.0001476415	180.0644	1	-90.02164
-2000.46276855469	-0.09647341	-0.0001495491	180.0652	1	-86.64444
-2500.30078125	-0.09643405	-7.711316E-06	180.0646	1	-89.50676
-3000.43286132813	-0.09630635	-7.567834E-06	180.064	1	-89.05777
-3500.54858398438	-0.09620689	-6.623247E-06	180.0639	1	-90.57062
-4000.27221679688	-0.0960477	-6.646398E-06	180.065	1	-90.00191
-4500.14306640625	-0.09591034	-1.323142E-05	180.0667	1	-83.44445
-5000.19384765625	-0.09582547	-7.944205E-06	180.0651	1	-90.08672
-5500.30908203125	-0.09564463	-5.514168E-06	180.0666	1	-86.51915
-6000.16357421875	-0.09549735	-5.625269E-06	180.0649	1	-87.86563
-6500.41015625	-0.09527758	-9.064631E-05	180.0643	1	-92.4491
-7000.31298828125	-0.09512997	-1.447931E-05	180.0665	1	-84.0165
-7500.2822265625	-0.09485476	-0.0001669281	180.0643	1	-91.25797
-8000.2998046875	-0.09481198	-1.321856E-05	180.0668	1	-86.4326
-8500.3984375	-0.09472571	-1.342877E-05	180.0648	1	-89.08195
-9000.482421875	-0.09468132	-0.0001921786	180.0633	1	-100.9617
-9500.384765625	-0.0944602	-9.414357E-06	180.0647	1	-89.61861
-10000.517578125	-0.09437361	-9.128374E-06	180.0648	1	-96.21596
-10000.517578125	-0.09425468	-5.42714E-06	180.0653	1	-92.70824
-9500.59765625	-0.0941787	-0.000226272	180.0653	1	-91.21742
-9000.26953125	-0.09410227	-6.574955E-06	180.0664	1	-84.26953
-8500.203125	-0.09404385	-5.866065E-06	180.0651	1	-90.39632
-8000.4794921875	-0.09390497	-4.467337E-06	180.0653	1	-90.74294
-7500.36376953125	-0.09379438	-8.923294E-05	180.0661	1	-86.5271
-7000.607421875	-0.09365119	-9.414701E-06	180.0651	1	-90.88883
-6500.41015625	-0.09351005	-7.39823E-06	180.0652	1	-91.89767
-6000.45751953125	-0.09358467	-1.056287E-05	180.067	1	-85.4149
-5500.5537109375	-0.09365165	-4.878371E-06	180.0656	1	-90.55341
-5000.421875	-0.09377025	-5.127775E-06	180.066	1	-88.54576
-4500.14306640625	-0.09377757	-4.623998E-05	180.0654	1	-89.93279
-4000.35400390625	-0.09381973	-6.430426E-06	180.0659	1	-91.56657
-3500.36889648438	-0.09386214	-7.089488E-06	180.0668	1	-88.11232
-3000.25317382813	-0.0938495	-5.888345E-06	180.0654	1	-90.94203
-2500.31713867188	-0.09388557	-0.0001819882	180.0657	1	-87.8519
-2000.34838867188	-0.09378562	-9.232595E-05	180.0658	1	-89.9882
-1500.23278808594	-0.09387811	-8.08966E-05	180.0669	1	-84.18665
-1000.47625732422	-0.09391029	-9.468535E-06	180.0674	1	-85.42591
-500.425903320313	-0.09400971	-6.44676E-05	180.0653	1	-88.40202
-0.342880487442017	-0.09405404	-6.424268E-06	180.0679	1	-84.55206
500.393249511719	-0.09407128	-5.268276E-06	180.0656	1	-91.61539
1000.60693359375	-0.09423114	-8.771456E-06	180.0675	1	-84.09496
1500.47766113281	-0.09427985	-8.055783E-06	180.0654	1	-88.20397
2000.16882324219	-0.09432517	-6.71814E-06	180.0658	1	-90.28838
2500.1865234375	-0.0943502	-7.113696E-06	180.0682	1	-86.33537
3000.53076171875	-0.09435464	-1.106652E-05	180.0662	1	-90.00924
3500.51586914063	-0.09435546	-7.564629E-06	180.0657	1	-90.7574
4000.17431640625	-0.09440952	-6.099678E-06	180.0681	1	-85.87108
4500.2412109375	-0.0944661	-7.077228E-06	180.066	1	-90.78308
5000.22607421875	-0.09445691	-5.421258E-06	180.0665	1	-90.42638
5500.32568359375	-0.09444436	-8.27445E-06	180.0675	1	-87.51012
6000.47412109375	-0.09448653	-9.062625E-05	180.0661	1	-90.11389
6500.36083984375	-0.09443407	-5.793593E-06	180.0664	1	-88.58424
7000.55859375	-0.0943583	-6.545849E-06	180.0668	1	-88.26981
7500.3310546875	-0.09426271	-7.075725E-06	180.0659	1	-90.33891
8000.5283203125	-0.09425063	-4.651035E-06	180.0672	1	-87.1518
8500.431640625	-0.09417568	-9.272632E-05	180.0666	1	-85.95667
9000.4990234375	-0.0941469	-9.053544E-06	180.0662	1	-89.38515
9500.59765625	-0.09408501	-0.0002881842	180.0663	1	-90.76263
10000.3046875	-0.09398521	-0.0001998026	180.0666	1	-89.60977
